6604444033300000220000000555550000000000000000000000000000000000
0333000000660000555550000000000024000000240000000400000004000000
0000000033300000020000004200000046000000460000004555550000000000
0400220004033300040000000400000000000000000000000000000066555550
0066033300220000555550000400000004000000040000000400000000000000
0660000044443330000000002200000000000000005555500000000000000000
0000220044440660000555550000000000000000300000003000000030000000
0033306622004444005555500000000000000000000000000000000000000000
6600022004444333000000000555550000000000000000000000000000000000
0066333000444400000000000000000000000000220000005555500000000000
4444000066000022035555500300000003000000000000000000000000000000
4444000006600333000000000000000022000000000555550000000000000000
0220066044440000000000003000000030000000300000000000000055555000
3332200000660000000000000400000004555550040000000400000000000000
0444402200660000555550000000000030000000300000003000000000000000
2000000023330000660000000400000004000000040000000400000005555500
5555502204663330040000000400000004000000000000000000000000000000
3044440036600000300000000000000022000000555550000000000000000000
0044440000006600000555550300000003000000030000000000000022000000
2200000033304444000000000555550000000000660000000000000000000000
0000333000000660000000004555550040000000400000004000000022000000
0044442200000660300000003000000030000000000000000055555000000000
0000444433300000220000000000000055555000000000000000000066000000
3330000042200660400000004000000040000000000000000000000000555550
0004444055555000660000000300000003000000030000002200000000000000
3330000002200066000000004000000040555550400000004000000000000000
6600000044440220000555553000000030000000300000000000000000000000
0002206604333000040000000400000004000000000000000000000000555550
4444000033366000555550000000000000000000000000002200000000000000
0000033300000660555550004000000040000000420000004200000000000000
3444400030000660300000000000000022000000555550000000000000000000
0000444433300660000000000555550000000000000000002200000000000000
0000006644443330000000000000000000000000000000002200000055555000
