3020000030206600300444400000500000005000000050000000500000005000
0000000000000500444405000000050000000500000005000000006600022333
0000000000002200040000000400000004000000043660000035555500300000
0000000000000000000000500444405000022050000003500600035006000300
0000333000000000500000005060000050600000500444405000220000000000
0660000033300000000000000000050004000500040005000402250004000500
0033300000000000000000000006600000444400000000000002200005555500
0003332000000020000000000000660000055555000000000000000000444400
0000000000000000005555500000660004444000000000000223330000000000
0000000006002200060444400000000000000003000000030555550300000000
0003330000000000000000000000000000660022444400000555550000000000
0000000000000000000000004444000066333000000220000055555000000000
0000000030002200300000003500000065400000654000000540000005400000
0000000000000006000000060034444500302205003000050000000500000005
0000000000000000555550000662000000020040300000403000004030000040
0000000000000004000000040055555400006604000033300022000000000000
0000000000000000000220004444500000305000603050006030500000005000
0000000200000002400000004000000040000000403555550036600000300000
0000000000022000000000050000000504003335040006650400000504000000
0000000020004444200006600000500000005000000050000333500000005000
0000003000000030002200304444000000000000000000660555550000000000
0000040000022400000004000006640005555500000000000000000000003330
0000000000000333000000000000000044440000002200006600000000555550
0000000000000000002200000333000005555500000060000000600004444000
0000000000000003000006630022000300555550000000000444400000000000
0000000000004444000002200000000000000000000600000006033305555500
0540000005400000054033300540066005000000000000000220000000000000
0030000000300000003000040055555400660004000000040200000002000000
4444000003330000000000000022000005555500000000000660000000000000
0000000000006600000333000000000000000000555550002200000004444000
0034444000306600003000000000000500000005000000050000200500002005
0000000044440000022033300000005000000050000000500006605000000050
4444000000000000555553330000022000000000066000000000000000000000
0000400000004000006540000065400000052200000533300005000000000000
0200033302000000044440000660050000000500000005000000050000000500
0000000033300000066000000005555500004444000220000000000000000000
0000030000000300000003000000006600004444000000000000000255555002
3330000004444000000000000555550000022000000000000000000000006600
0000400000004000000040000000400000333200000662000555550000000000
0000000000000004000000040000360400003604022030005555500000000000
4050000040500000405000004050000000522660000033300000000000000000
6600000004000000040000000400000004000000555550000022033300000000
0005555500000000000022000000444400006600030000000300000003000000
0050333000506600005000000050000000504000000040000000420000004200
0000000020555550200000000000000000003330066000004444000000000000
0000000000000000044440005555500000333000000000002000600020006000
0050033302500000025000000050000000500000044440000066000000000000
0333500000005000000050000066500044445020000000200000000000000000
0000000000004444000002000000020005555500000663000000030000000300
0000000000300000003000000030444400055555000022000000000000006600
0000000000000000000000030002200304444063555550600000000000000000
0000000000000000333000000022004005555540600000406000004000000000
0003330005555500000000000000000000000600022006004444000000000000
0000000044440000000000000022000035555500360000003600000000000000
0044440006600000000000000000000000000000000003000220030055555300
4444000000000000000003330662200005555500000000000000000000000000
0000000044440000300220003006600035555500000000000000000000000000
0000000000002200000555550000460033304600000040000000400000000000
0000000000000000000000005555503022660030000000300004444000000000
0333000050660000500000005004444050020000500200000000000000000000
0005000000050000220500004005000040050333400006604000000000000000
2000000020000000333000000004444000006600000000000000000055555000
0000000000000000300000663400000034000000040220000405555500000000
0000333000000000000000005555500000662240000000400000004000000040
0004000000240000002400000004000055555000006603330000000000000000
0000050600000506000005000004050000040500000433300004022000000000
0000500000025000000250000000500300005003044440030006600000000000
0000000033300000000000000055555000022000044446000000060000000000
0056000000560000005000000050444400500220000300000003000000030000
0000600003006000030000000300000002200000555550000000000000004444
0000000000000300000003052200030506600005044440050000000500000000
0033300000000000000000005555500000002200000044440000006600000000
0000000000000000005555500000660000023330000244440000000000000000
0040000000400000004050000040500000005600000056000022500000333000
0000000500000005333000050006600504444005000000000000000200000002
0000000000000000000000000006600000555550200444402000000000033300
0333000000000000005555500000660000044440000000000000000000002200
0000600003006000430000004300220045555500400000000000000000000000
0000000000000000003330000022000005555500000000000006000000064444
0000000500000005000000450006604500333045020000400200000000000000
4444300006603000000030000000000000000000000555550000022000000000
0000333000044440000000000000000000000000000555550000022000066000
0040000000466000004000000040000005555500002200000003330000000000
0000022000544440005333000050000000500000005000006000000060000000
0000000000000000040000000405600004056000040503330005022000050000
0000000000000006555550060022000000000004000000040333000400000004