3055555030004444300002200000000000000000000000000000000066000000
0004444000055555030002200300000003000000000006600000000000000000
5555500000000333000002200000000040000000400000004000000046600000
0400000004055555040000000422000030000000300000003000000000066000
0000444403330220050000006500000065000000050000000500000000000000
0000033355555000002200000000000040000000400000004660000040000000
3335555502200000000000000000000004660000040000000400000004000000
5444400053000000530000005300000052200000660000000000000000000000
0000000044440000306600003500220035000000050000000500000005000000
0000000000055555040006603400000034000000340000000000000002200000
0000000033304444050006600500000005000022050000000500000000000000
3335555500000660040000000400000004000000040000000000000000000022
4444000002200000000000663500000035000000350000000500000005000000
3330000044440000066000005000000050000000500000005002200050000000
0000000055555000022000004300000043000066430000004000000000000000
5555500000000333000002200000000004000000040000006400000064000000
0000033300055555400006604000002240000000400000000000000000000000
0433300004055555040006600400000022000000000000000000000000000000
0000000000055555000006603400000034000000340000000422000000000000
0664444055555000000000000000000000220000030000000300000003000000
0000444400002266000000003500000035000000350000000500000005000000
0005555544440660300000003000000030000000000000000000000000000022
5555500033300000660000000000000004000000040000000400022004000000
4444000033355555066002200000000000000000000000000000000000000000
0000000055555000046600000400000034000000340000223000000000000000
5555500000220000030000000300000043000000400000004000660040000000
0000000005444400050660000500000005000000350000003022000030000000
0005555544440000066000003000000030000000300220000000000000000000
0000033340055555400006604000000040000220000000000000000000000000
0000000055555660022000000000000040000000430000004300000043000000
0004444033300000660000000500000005000000050220000500000005000000
3330000055555000066000004022000040000000400000004000000000000000
5400022054000333540000005400660050000000000000000000000000000000
0000444455555333000006600000000000000000000000000000000000000022
0444406655555000022000000300000003000000030000000000000000000000
5555500000000333000006600022000040000000400000004000000040000000
0000000003334444000000000522000005660000050000000500000005000000
0000333006655555400022004000000040000000400000000000000000000000
0000000055555000436600004300000043000000400000000000000000002200
0000000000055555000002200000000004000000340660003400000034000000
3330000000055555400006604000220040000000400000000000000000000000
3330002255555000400660004000000040000000400000000000000000000000
0005555500000333040006600400000004000000040000000000002200000000
0333000055555000466220004000000040000000400000000000000000000000
3330000044440000066000005000000050000000500000005002200050000000
0444400003330000502266005000000050000000500000005000000000000000
5555522003004444030000000300000000000000000000000000000000660000
0444400055555000066000000000000030000000300022003000000000000000
0000444435002200350000003500000005000000050000006600000000000000
4444033356600000500000005000000050220000500000000000000000000000
0000444433355555066000000000000000000000000000000220000000000000
0033302200055555040000000406600004000000040000000000000000000000
6600000055555000002200004300000043000000430000004000000000000000
0555550044440000220000000000000066000000030000000300000003000000
0005555500033366000000002200000040000000400000004000000040000000
0333000044440000022000000500000005000000050000000500066005000000
0000444455555000006600000000000000000022300000003000000030000000
0000444433300660050000000500000005000000050002200500000000000000
4555550040003330400022004000000000000000660000000000000000000000
0444400025033300250066000500000005000000050000000000000000000000
0000444455555000066000003000000030000000300000000000000000000220
0003330050004444500002205000000050000000500000006600000000000000
0000000044440000660000005000000053000022530000005300000050000000
0500000035004444350006603500000005220000000000000000000000000000
0555550000000333000000220000006604000000040000000400000004000000
0444400000055555030006600300022003000000000000000000000000000000
4444333000055555002206600000000000000000000000000000000000000000
0305555503000220030000000000000004000000040006600400000004000000
0000000055555333000002200000000040000000400000004660000040000000
2400333024055555040006600400000000000000000000000000000000000000
0004444000555550000000000000000030002200300000003000000000066000
4444066055555000322000003000000030000000000000000000000000000000
6444400063055555030022000300000000000000000000000000000000000000
3330000044440000066000000500000005022000050000000500000005000000
0444433355555000006600000000000000000000000000000000000022000000
4444033366000000500000005000000050000000500000005000000002200000
0000000055555000422000004000000040000000430000006300000063000000
0000000000055555030220000300000043000000400000004000000040066000
0003330044440000066000005000000050000000500000005220000050000000
3330000055555000022000004000000040660000400000004000000000000000
0000000050333000506602205400000054000000540000000400000000000000
0000066000004444000022005000000050000000530000005300000053000000
4444000000055555300220003000000030000000000000000000000000000066
5555500000004444000002200000066000000000030000000300000003000000
0555550003330000022000000400000004000000040000000400660000000000
0003330000444400050000220500000005006600050000000500000000000000
0000033300055555400006604000002240000000400000000000000000000000
0444400050000333500006605000000050000000500022000000000000000000
3405555534000660340000000400000000000000000002200000000000000000
5555533342200660400000004000000040000000000000000000000000000000
5555500044440333066000000000002200000000000000000000000000000000
4444000053336600500000005000022050000000500000000000000000000000
3330000022044440660000005000000050000000500000005000000050000000
0000333000004444500000005660000050000000502200005000000000000000
0055555044440333006600000000000002200000000000000000000000000000
5555500000000333000000220400000004000000040000000400000000006600
0444400033300000066000000500000005000000050000000522000005000000
0533300045022000450000004500000045000000000000000000000000066000
0000000040333000400660004500000045000000050000000500000005000022
0000444455555000366000003000002230000000000000000000000000000000
0333000044440000220000005000000050000000500000005660000050000000
0004444000006600000002200500000035000000350000003500000005000000
0005555504444333000002200000000000000000000066000000000000000000
0000000055555333000006600000000040000000400000004220000040000000
0066000004055555040220000400000034000000300000003000000000000000
0225555544443330000000000000000000000660000000000000000000000000
4444220000055555000066000000000000000000300000003000000030000000
0000000055555333000006600000000040000000400000004220000040000000
0044440033300000522000005000006650000000500000005000000000000000
0033300055555000066002200400000004000000040000000400000000000000
0333000055555000000000000000000040000000400660004000000042200000
0005555540333660400000004000000040000000000000000000000022000000
0555550044440000006600003000000030022000300000000000000000000000
0403330004055555040000000400000000000000660000002200000000000000
4444000055555333022000000000000000000000000000000066000000000000
0500000035004444350002203500000005000000000000660000000000000000
0000000006604444050000000500000005000000350000003500000030220000
0055555000004444000006600300000003000000030000002200000000000000
0000333055555000066220004000000040000000400000004000000000000000
4444000005333000056600000502200005000000050000000000000000000000
0000444455555022000000003000000030000000366000000000000000000000
5555500003220000030000004300000040000000400000004006600000000000
0044440000066000000220000500000005000000350000003500000035000000
0000000033300000220000005000000054000000540000005400066054000000
4444000000055555030006600300000003220000000000000000000000000000
0003330040055555400662204000000040000000000000000000000000000000
0005555540333660400000004000000040000000000000000000000022000000
0333000055555000000660004000000040000000400000004000000022000000
0400033304055555040006600400000000000000000000000000000000000220
0044440055555000322000003000000030000000000000000000660000000000
0300000003055555030006604000000040000000422000004000000000000000
0000000044440333660000005000000050000000500000005000000052200000
0004444033355555000066000000000000000000000000002200000000000000
5555500000000333000006600422000004000000040000000400000000000000
0003330055555000002200000000000040000660400000004000000040000000
0000444455555333000006600000000000000000000022000000000000000000
0555550033344440022000000000000000000000000066000000000000000000
0500000035004444350002203500000005000000000000660000000000000000
4444000000055555030066000300000003000000000000000000000000220000
3334444002266000000000000500000005000000050000000500000005000000
0355555003006622030000000400000004000000040000000400000000000000
3330000622555556040000000400000004000000040000000000000000000000
5555502204663330040000000400000004000000000000000000000000000000
0000000033300066220000005000000054000000540000005400000054000000
0555552240333660400000004000000040000000000000000000000000000000
0660333000055555000000000000000004000000240000002400000004000000
0000444403000022530000005300000050000000500000005000000066000000
0660000044440000220000005300000053000000530000005000000050000000
0533366005000000050000000500000045000000420000004200000040000000
5444400050660333500000005000000050000000000000002200000000000000
4444000002200333000000000500000065000000650000000500000005000000
3330444456600000500000005000000050000000500000002200000000000000
3005555530022660300000000000000004000000040000000400000004000000
0002233300000066000000005400000054000000540000005400000050000000
3332200004444000500000005600000056000000500000005000000000000000
0003330050004444500000005000000050000000500000006600000022000000
4005555540002200430000004300000003000000660000000000000000000000
2205555504006600040000000400000034000000300000003000000000000000
0555550044440000660000002200000000000000300000003000000030000000
0005555533322660040000000400000004000000040000000000000000000000
0033300044440022660000005000000050000000500000005000000050000000
4444000005660000050000003500000035000000350000000000000022000000
0000444433300066500000005000000050000000520000005200000000000000
0000033302200066000000004500000045000000450000004500000005000000
5555500066000000220000004000000040000000430000004300000003000000
0500002205004444650000006500000035000000300000003000000000000000
2200066004444333000000005000000050000000500000005000000050000000
0444433300000220000000006500000065000000050000000500000005000000
0333444400000220660000005000000050000000500000005000000050000000
3330660044440000220000005000000050000000500000005000000050000000
5555566002200000030000004300000043000000400000004000000000000000
6644440055555000220000000000000003000000030000000300000000000000
0000033305555566000000002200000040000000400000004000000040000000
4005555540000660420000004200000000000000030000000300000003000000
0044440033366000220000000500000005000000050000000500000005000000
0555552246000333460000004000000040000000000000000000000000000000
0225555503330660400000004000000040000000400000000000000000000000
4444000066220333000000005000000050000000500000005000000050000000
6600220053044440530000005300000050000000500000000000000000000000
0022000644443336050000000500000005000000050000000500000000000000
5333000054660000540000005400000054000000000000002200000000000000
0444400033300066220000005000000050000000500000005000000050000000
0533366045022000450000004500000045000000000000000000000000000000
0055555033366000220000000000000040000000400000004000000040000000
0555556644440333000000000000000000000000000000002200000000000000
0220066044440333500000005000000050000000500000005000000000000000
2200066050004444500000005300000053000000530000000000000000000000
0333000044440000220000005000000050000000560000005600000050000000
2200000044440000660000005000000050000000530000005300000053000000
0000333055555066220000004000000040000000400000004000000000000000
0444400055555000660000002200000000000000030000000300000003000000
0220066055555000030000004300000043000000400000004000000000000000
3000444435000066350000000500000005000000050000002200000000000000
0003336655555000220000000000000040000000400000004000000040000000
0660000044440333220000005000000050000000500000005000000050000000
4444000003660000530000005300000050000000520000005200000000000000
0033322055555000660000004000000040000000400000004000000000000000
0444400033300066220000005000000050000000500000005000000050000000
0044446605220333050000000500000005000000050000000000000000000000
4005555540000220460000004600000000000000030000000300000003000000
0555552206604444300000003000000030000000000000000000000000000000
2200444433300000660000005000000050000000500000005000000050000000
4444000033300066220000005000000050000000500000005000000050000000
0333444405000220050000006500000065000000050000000000000000000000
4444000003660022530000005300000050000000500000005000000000000000
0555552233304444000000000000000000000000660000000000000000000000
6600444455555022300000003000000030000000000000000000000000000000
0522660045333000450000004500000045000000000000000000000000000000
0555550033304444220000000000000000000000000000000000000066000000
4005555540333220400000004000000000000000000000000000000066000000
5555502233300000660000000000000004000000040000000400000004000000
